Creating mapping from files...
[ 0  1  2  3  4  5  6  7  8  9 10 11 12 13 14 15 16 17 18 19 20 21 22 23]
[  0   1   2   3   4   5   6   7   8   9  10  11  12  13  14  15  16  17
  18  19  20  21  22  23  24  25  26  27  28  29  30  31  32  33  34  35
  36  37  38  39  40  41  42  43  44  45  46  47  48  49  50  51  52  53
  54  55  56  57  58  59  60  61  62  63  64  65  66  67  68  69  70  71
  72  73  74  75  76  77  78  79  80  81  82  83  84  85  86  87  88  89
  90  91  92  93  94  95  96  97  98  99 100 101 102 103 104 105 106 107
 108 109 110 111 112 113 114 115 116 117 118 119 120 121 122 123 124 125
 126 127]
24 128
int to_chamber[4][24]
[[-3, -3, -3, -3, -3, -3, -3, -3, -3, -3, -3, -3, -3, -3, -3, -3, -3, -3, -4, -4, -4, -4, -4, -4], [-1, -1, -1, -1, -1, -1, -1, -1, -1, -1, -1, -1, -1, -1, -1, -1, -1, -1, -2, -2, -2, -2, -2, -2], [1, 1, 1, 1, 1, 1, 1, 1, 1, 1, 1, 1, 1, 1, 1, 1, 1, 1, 0, 0, 0, 0, 0, 0], [3, 3, 3, 3, 3, 3, 3, 3, 3, 3, 3, 3, 3, 3, 3, 3, 3, 3, 2, 2, 2, 2, 2, 2]]
int to_strip[24][128]
[[64, 68, 69, 70, 73, 74, 75, 76, 0, 77, 78, 79, 80, 81, 82, 83, 84, 85, 86, 0, 87, 88, 89, 90, 93, 94, 95, 96, 0, 97, 98, 99, 100, 101, 102, 103, 104, 105, 106, 0, 107, 108, 109, 110, 113, 114, 115, 116, 0, 117, 118, 119, 120, 121, 122, 123, 124, 125, 126, 0, 127, 128, 0, 0, 0, 0, 1, 2, 0, 3, 4, 5, 6, 7, 8, 9, 10, 11, 12, 0, 13, 14, 15, 16, 19, 20, 21, 22, 0, 23, 24, 25, 26, 27, 28, 29, 30, 31, 32, 0, 33, 34, 35, 36, 39, 40, 41, 42, 0, 43, 44, 45, 46, 47, 48, 49, 50, 51, 52, 0, 53, 54, 55, 56, 59, 60, 61, 62], [161, 157, 156, 155, 152, 151, 150, 149, 0, 148, 147, 146, 145, 144, 143, 142, 141, 140, 139, 0, 138, 137, 136, 135, 132, 131, 130, 129, 0, 256, 255, 254, 253, 252, 251, 250, 249, 248, 247, 0, 246, 245, 244, 243, 240, 239, 238, 237, 0, 236, 235, 234, 233, 232, 231, 230, 229, 228, 227, 0, 226, 225, 0, 0, 0, 0, 224, 223, 0, 222, 221, 220, 219, 218, 217, 216, 215, 214, 213, 0, 212, 211, 210, 209, 206, 205, 204, 203, 0, 202, 201, 200, 199, 198, 197, 196, 195, 194, 193, 0, 192, 191, 190, 189, 186, 185, 184, 183, 0, 182, 181, 180, 179, 178, 177, 176, 175, 174, 173, 0, 172, 171, 170, 169, 166, 165, 164, 163], [384, 260, 261, 262, 265, 266, 267, 268, 0, 269, 270, 271, 272, 273, 274, 275, 276, 277, 278, 0, 279, 280, 281, 282, 285, 286, 287, 288, 0, 289, 290, 291, 292, 293, 294, 295, 296, 297, 298, 0, 299, 300, 301, 302, 305, 306, 307, 308, 0, 309, 310, 311, 312, 313, 314, 315, 316, 317, 318, 0, 319, 320, 0, 0, 0, 0, 321, 322, 0, 323, 324, 325, 326, 327, 328, 329, 330, 331, 332, 0, 333, 334, 335, 336, 339, 340, 341, 342, 0, 343, 344, 345, 346, 347, 348, 349, 350, 351, 352, 0, 353, 354, 355, 356, 359, 360, 361, 362, 0, 363, 364, 365, 366, 367, 368, 369, 370, 371, 372, 0, 373, 374, 375, 376, 379, 380, 381, 382], [64, 68, 69, 70, 73, 74, 75, 76, 0, 77, 78, 79, 80, 81, 82, 83, 84, 85, 86, 0, 87, 88, 89, 90, 93, 94, 95, 96, 0, 97, 98, 99, 100, 101, 102, 103, 104, 105, 106, 0, 107, 108, 109, 110, 113, 114, 115, 116, 0, 117, 118, 119, 120, 121, 122, 123, 124, 125, 126, 0, 127, 128, 0, 0, 0, 0, 1, 2, 0, 3, 4, 5, 6, 7, 8, 9, 10, 11, 12, 0, 13, 14, 15, 16, 19, 20, 21, 22, 0, 23, 24, 25, 26, 27, 28, 29, 30, 31, 32, 0, 33, 34, 35, 36, 39, 40, 41, 42, 0, 43, 44, 45, 46, 47, 48, 49, 50, 51, 52, 0, 53, 54, 55, 56, 59, 60, 61, 62], [160, 164, 165, 166, 169, 170, 171, 172, 0, 173, 174, 175, 176, 177, 178, 179, 180, 181, 182, 0, 183, 184, 185, 186, 189, 190, 191, 192, 0, 193, 194, 195, 196, 197, 198, 199, 200, 201, 202, 0, 203, 204, 205, 206, 209, 210, 211, 212, 0, 213, 214, 215, 216, 217, 218, 219, 220, 221, 222, 0, 223, 224, 0, 0, 0, 0, 225, 226, 0, 227, 228, 229, 230, 231, 232, 233, 234, 235, 236, 0, 237, 238, 239, 240, 243, 244, 245, 246, 0, 247, 248, 249, 250, 251, 252, 253, 254, 255, 256, 0, 129, 130, 131, 132, 135, 136, 137, 138, 0, 139, 140, 141, 142, 143, 144, 145, 146, 147, 148, 0, 149, 150, 151, 152, 155, 156, 157, 158], [384, 260, 261, 262, 265, 266, 267, 268, 0, 269, 270, 271, 272, 273, 274, 275, 276, 277, 278, 0, 279, 280, 281, 282, 285, 286, 287, 288, 0, 289, 290, 291, 292, 293, 294, 295, 296, 297, 298, 0, 299, 300, 301, 302, 305, 306, 307, 308, 0, 309, 310, 311, 312, 313, 314, 315, 316, 317, 318, 0, 319, 320, 0, 0, 0, 0, 321, 322, 0, 323, 324, 325, 326, 327, 328, 329, 330, 331, 332, 0, 333, 334, 335, 336, 339, 340, 341, 342, 0, 343, 344, 345, 346, 347, 348, 349, 350, 351, 352, 0, 353, 354, 355, 356, 359, 360, 361, 362, 0, 363, 364, 365, 366, 367, 368, 369, 370, 371, 372, 0, 373, 374, 375, 376, 379, 380, 381, 382], [64, 68, 69, 70, 73, 74, 75, 76, 0, 77, 78, 79, 80, 81, 82, 83, 84, 85, 86, 0, 87, 88, 89, 90, 93, 94, 95, 96, 0, 97, 98, 99, 100, 101, 102, 103, 104, 105, 106, 0, 107, 108, 109, 110, 113, 114, 115, 116, 0, 117, 118, 119, 120, 121, 122, 123, 124, 125, 126, 0, 127, 128, 0, 0, 0, 0, 1, 2, 0, 3, 4, 5, 6, 7, 8, 9, 10, 11, 12, 0, 13, 14, 15, 16, 19, 20, 21, 22, 0, 23, 24, 25, 26, 27, 28, 29, 30, 31, 32, 0, 33, 34, 35, 36, 39, 40, 41, 42, 0, 43, 44, 45, 46, 47, 48, 49, 50, 51, 52, 0, 53, 54, 55, 56, 59, 60, 61, 62], [192, 196, 197, 198, 201, 202, 203, 204, 0, 205, 206, 207, 208, 209, 210, 211, 212, 213, 214, 0, 215, 216, 217, 218, 221, 222, 223, 224, 0, 225, 226, 227, 228, 229, 230, 231, 232, 233, 234, 0, 235, 236, 237, 238, 241, 242, 243, 244, 0, 245, 246, 247, 248, 249, 250, 251, 252, 253, 254, 0, 255, 256, 0, 0, 0, 0, 129, 130, 0, 131, 132, 133, 134, 135, 136, 137, 138, 139, 140, 0, 141, 142, 143, 144, 147, 148, 149, 150, 0, 151, 152, 153, 154, 155, 156, 157, 158, 159, 160, 0, 161, 162, 163, 164, 167, 168, 169, 170, 0, 171, 172, 173, 174, 175, 176, 177, 178, 179, 180, 0, 181, 182, 183, 184, 187, 188, 189, 190], [384, 260, 261, 262, 265, 266, 267, 268, 0, 269, 270, 271, 272, 273, 274, 275, 276, 277, 278, 0, 279, 280, 281, 282, 285, 286, 287, 288, 0, 289, 290, 291, 292, 293, 294, 295, 296, 297, 298, 0, 299, 300, 301, 302, 305, 306, 307, 308, 0, 309, 310, 311, 312, 313, 314, 315, 316, 317, 318, 0, 319, 320, 0, 0, 0, 0, 321, 322, 0, 323, 324, 325, 326, 327, 328, 329, 330, 331, 332, 0, 333, 334, 335, 336, 339, 340, 341, 342, 0, 343, 344, 345, 346, 347, 348, 349, 350, 351, 352, 0, 353, 354, 355, 356, 359, 360, 361, 362, 0, 363, 364, 365, 366, 367, 368, 369, 370, 371, 372, 0, 373, 374, 375, 376, 379, 380, 381, 382], [64, 68, 69, 70, 73, 74, 75, 76, 0, 77, 78, 79, 80, 81, 82, 83, 84, 85, 86, 0, 87, 88, 89, 90, 93, 94, 95, 96, 0, 97, 98, 99, 100, 101, 102, 103, 104, 105, 106, 0, 107, 108, 109, 110, 113, 114, 115, 116, 0, 117, 118, 119, 120, 121, 122, 123, 124, 125, 126, 0, 127, 128, 0, 0, 0, 0, 1, 2, 0, 3, 4, 5, 6, 7, 8, 9, 10, 11, 12, 0, 13, 14, 15, 16, 19, 20, 21, 22, 0, 23, 24, 25, 26, 27, 28, 29, 30, 31, 32, 0, 33, 34, 35, 36, 39, 40, 41, 42, 0, 43, 44, 45, 46, 47, 48, 49, 50, 51, 52, 0, 53, 54, 55, 56, 59, 60, 61, 62], [160, 164, 165, 166, 169, 170, 171, 172, 0, 173, 174, 175, 176, 177, 178, 179, 180, 181, 182, 0, 183, 184, 185, 186, 189, 190, 191, 192, 0, 193, 194, 195, 196, 197, 198, 199, 200, 201, 202, 0, 203, 204, 205, 206, 209, 210, 211, 212, 0, 213, 214, 215, 216, 217, 218, 219, 220, 221, 222, 0, 223, 224, 0, 0, 0, 0, 225, 226, 0, 227, 228, 229, 230, 231, 232, 233, 234, 235, 236, 0, 237, 238, 239, 240, 243, 244, 245, 246, 0, 247, 248, 249, 250, 251, 252, 253, 254, 255, 256, 0, 129, 130, 131, 132, 135, 136, 137, 138, 0, 139, 140, 141, 142, 143, 144, 145, 146, 147, 148, 0, 149, 150, 151, 152, 155, 156, 157, 158], [384, 260, 261, 262, 265, 266, 267, 268, 0, 269, 270, 271, 272, 273, 274, 275, 276, 277, 278, 0, 279, 280, 281, 282, 285, 286, 287, 288, 0, 289, 290, 291, 292, 293, 294, 295, 296, 297, 298, 0, 299, 300, 301, 302, 305, 306, 307, 308, 0, 309, 310, 311, 312, 313, 314, 315, 316, 317, 318, 0, 319, 320, 0, 0, 0, 0, 321, 322, 0, 323, 324, 325, 326, 327, 328, 329, 330, 331, 332, 0, 333, 334, 335, 336, 339, 340, 341, 342, 0, 343, 344, 345, 346, 347, 348, 349, 350, 351, 352, 0, 353, 354, 355, 356, 359, 360, 361, 362, 0, 363, 364, 365, 366, 367, 368, 369, 370, 371, 372, 0, 373, 374, 375, 376, 379, 380, 381, 382], [64, 68, 69, 70, 73, 74, 75, 76, 0, 77, 78, 79, 80, 81, 82, 83, 84, 85, 86, 0, 87, 88, 89, 90, 93, 94, 95, 96, 0, 97, 98, 99, 100, 101, 102, 103, 104, 105, 106, 0, 107, 108, 109, 110, 113, 114, 115, 116, 0, 117, 118, 119, 120, 121, 122, 123, 124, 125, 126, 0, 127, 128, 0, 0, 0, 0, 1, 2, 0, 3, 4, 5, 6, 7, 8, 9, 10, 11, 12, 0, 13, 14, 15, 16, 19, 20, 21, 22, 0, 23, 24, 25, 26, 27, 28, 29, 30, 31, 32, 0, 33, 34, 35, 36, 39, 40, 41, 42, 0, 43, 44, 45, 46, 47, 48, 49, 50, 51, 52, 0, 53, 54, 55, 56, 59, 60, 61, 62], [192, 196, 197, 198, 201, 202, 203, 204, 0, 205, 206, 207, 208, 209, 210, 211, 212, 213, 214, 0, 215, 216, 217, 218, 221, 222, 223, 224, 0, 225, 226, 227, 228, 229, 230, 231, 232, 233, 234, 0, 235, 236, 237, 238, 241, 242, 243, 244, 0, 245, 246, 247, 248, 249, 250, 251, 252, 253, 254, 0, 255, 256, 0, 0, 0, 0, 129, 130, 0, 131, 132, 133, 134, 135, 136, 137, 138, 139, 140, 0, 141, 142, 143, 144, 147, 148, 149, 150, 0, 151, 152, 153, 154, 155, 156, 157, 158, 159, 160, 0, 161, 162, 163, 164, 167, 168, 169, 170, 0, 171, 172, 173, 174, 175, 176, 177, 178, 179, 180, 0, 181, 182, 183, 184, 187, 188, 189, 190], [288, 292, 293, 294, 297, 298, 299, 300, 0, 301, 302, 303, 304, 305, 306, 307, 308, 309, 310, 0, 311, 312, 313, 314, 317, 318, 319, 320, 0, 321, 322, 323, 324, 325, 326, 327, 328, 329, 330, 0, 331, 332, 333, 334, 337, 338, 339, 340, 0, 341, 342, 343, 344, 345, 346, 347, 348, 349, 350, 0, 351, 352, 0, 0, 0, 0, 353, 354, 0, 355, 356, 357, 358, 359, 360, 361, 362, 363, 364, 0, 365, 366, 367, 368, 371, 372, 373, 374, 0, 375, 376, 377, 378, 379, 380, 381, 382, 383, 384, 0, 257, 258, 259, 260, 263, 264, 265, 266, 0, 267, 268, 269, 270, 271, 272, 273, 274, 275, 276, 0, 277, 278, 279, 280, 283, 284, 285, 286], [64, 68, 69, 70, 73, 74, 75, 76, 0, 77, 78, 79, 80, 81, 82, 83, 84, 85, 86, 0, 87, 88, 89, 90, 93, 94, 95, 96, 0, 97, 98, 99, 100, 101, 102, 103, 104, 105, 106, 0, 107, 108, 109, 110, 113, 114, 115, 116, 0, 117, 118, 119, 120, 121, 122, 123, 124, 125, 126, 0, 127, 128, 0, 0, 0, 0, 1, 2, 0, 3, 4, 5, 6, 7, 8, 9, 10, 11, 12, 0, 13, 14, 15, 16, 19, 20, 21, 22, 0, 23, 24, 25, 26, 27, 28, 29, 30, 31, 32, 0, 33, 34, 35, 36, 39, 40, 41, 42, 0, 43, 44, 45, 46, 47, 48, 49, 50, 51, 52, 0, 53, 54, 55, 56, 59, 60, 61, 62], [160, 164, 165, 166, 169, 170, 171, 172, 0, 173, 174, 175, 176, 177, 178, 179, 180, 181, 182, 0, 183, 184, 185, 186, 189, 190, 191, 192, 0, 193, 194, 195, 196, 197, 198, 199, 200, 201, 202, 0, 203, 204, 205, 206, 209, 210, 211, 212, 0, 213, 214, 215, 216, 217, 218, 219, 220, 221, 222, 0, 223, 224, 0, 0, 0, 0, 225, 226, 0, 227, 228, 229, 230, 231, 232, 233, 234, 235, 236, 0, 237, 238, 239, 240, 243, 244, 245, 246, 0, 247, 248, 249, 250, 251, 252, 253, 254, 255, 256, 0, 129, 130, 131, 132, 135, 136, 137, 138, 0, 139, 140, 141, 142, 143, 144, 145, 146, 147, 148, 0, 149, 150, 151, 152, 155, 156, 157, 158], [288, 292, 293, 294, 297, 298, 299, 300, 0, 301, 302, 303, 304, 305, 306, 307, 308, 309, 310, 0, 311, 312, 313, 314, 317, 318, 319, 320, 0, 321, 322, 323, 324, 325, 326, 327, 328, 329, 330, 0, 331, 332, 333, 334, 337, 338, 339, 340, 0, 341, 342, 343, 344, 345, 346, 347, 348, 349, 350, 0, 351, 352, 0, 0, 0, 0, 353, 354, 0, 355, 356, 357, 358, 359, 360, 361, 362, 363, 364, 0, 365, 366, 367, 368, 371, 372, 373, 374, 0, 375, 376, 377, 378, 379, 380, 381, 382, 383, 384, 0, 257, 258, 259, 260, 263, 264, 265, 266, 0, 267, 268, 269, 270, 271, 272, 273, 274, 275, 276, 0, 277, 278, 279, 280, 283, 284, 285, 286], [64, 68, 69, 70, 73, 74, 75, 76, 0, 77, 78, 79, 80, 81, 82, 83, 84, 85, 86, 0, 87, 88, 89, 90, 93, 94, 95, 96, 0, 97, 98, 99, 100, 101, 102, 103, 104, 105, 106, 0, 107, 108, 109, 110, 113, 114, 115, 116, 0, 117, 118, 119, 120, 121, 122, 123, 124, 125, 126, 0, 127, 128, 0, 0, 0, 0, 1, 2, 0, 3, 4, 5, 6, 7, 8, 9, 10, 11, 12, 0, 13, 14, 15, 16, 19, 20, 21, 22, 0, 23, 24, 25, 26, 27, 28, 29, 30, 31, 32, 0, 33, 34, 35, 36, 39, 40, 41, 42, 0, 43, 44, 45, 46, 47, 48, 49, 50, 51, 52, 0, 53, 54, 55, 56, 59, 60, 61, 62], [160, 164, 165, 166, 169, 170, 171, 172, 0, 173, 174, 175, 176, 177, 178, 179, 180, 181, 182, 0, 183, 184, 185, 186, 189, 190, 191, 192, 0, 193, 194, 195, 196, 197, 198, 199, 200, 201, 202, 0, 203, 204, 205, 206, 209, 210, 211, 212, 0, 213, 214, 215, 216, 217, 218, 219, 220, 221, 222, 0, 223, 224, 0, 0, 0, 0, 225, 226, 0, 227, 228, 229, 230, 231, 232, 233, 234, 235, 236, 0, 237, 238, 239, 240, 243, 244, 245, 246, 0, 247, 248, 249, 250, 251, 252, 253, 254, 255, 256, 0, 129, 130, 131, 132, 135, 136, 137, 138, 0, 139, 140, 141, 142, 143, 144, 145, 146, 147, 148, 0, 149, 150, 151, 152, 155, 156, 157, 158], [288, 292, 293, 294, 297, 298, 299, 300, 0, 301, 302, 303, 304, 305, 306, 307, 308, 309, 310, 0, 311, 312, 313, 314, 317, 318, 319, 320, 0, 321, 322, 323, 324, 325, 326, 327, 328, 329, 330, 0, 331, 332, 333, 334, 337, 338, 339, 340, 0, 341, 342, 343, 344, 345, 346, 347, 348, 349, 350, 0, 351, 352, 0, 0, 0, 0, 353, 354, 0, 355, 356, 357, 358, 359, 360, 361, 362, 363, 364, 0, 365, 366, 367, 368, 371, 372, 373, 374, 0, 375, 376, 377, 378, 379, 380, 381, 382, 383, 384, 0, 257, 258, 259, 260, 263, 264, 265, 266, 0, 267, 268, 269, 270, 271, 272, 273, 274, 275, 276, 0, 277, 278, 279, 280, 283, 284, 285, 286], [25, 31, 32, 33, 36, 37, 38, 39, 0, 40, 41, 42, 43, 44, 45, 46, 47, 48, 49, 0, 50, 51, 52, 53, 56, 57, 58, 59, 0, 60, 61, 62, 63, 64, 65, 66, 67, 68, 69, 0, 70, 71, 72, 73, 76, 77, 78, 79, 0, 80, 81, 82, 83, 84, 85, 86, 87, 88, 89, 0, 90, 91, 0, 0, 0, 0, 92, 93, 0, 94, 95, 96, 97, 98, 99, 100, 101, 102, 103, 0, 104, 105, 106, 107, 110, 111, 112, 113, 0, 114, 115, 116, 117, 118, 119, 120, 121, 122, 123, 0, 1, 2, 3, 4, 7, 8, 9, 0, 0, 10, 11, 12, 13, 14, 15, 16, 17, 18, 19, 0, 20, 21, 22, 23, 26, 27, 0, 0], [155, 159, 160, 161, 164, 165, 166, 167, 0, 168, 169, 170, 171, 172, 173, 174, 175, 176, 177, 0, 178, 179, 180, 181, 184, 185, 186, 187, 0, 188, 189, 190, 191, 192, 193, 194, 195, 196, 197, 0, 198, 199, 200, 201, 204, 205, 206, 207, 0, 208, 209, 210, 211, 212, 213, 214, 215, 216, 217, 0, 218, 219, 0, 0, 0, 0, 220, 221, 0, 222, 223, 224, 225, 226, 227, 228, 229, 230, 231, 0, 232, 233, 234, 235, 238, 239, 240, 241, 0, 242, 243, 244, 245, 246, 247, 248, 249, 250, 251, 0, 124, 125, 126, 127, 130, 131, 132, 133, 0, 134, 135, 136, 137, 138, 139, 140, 141, 142, 143, 0, 144, 145, 146, 147, 150, 151, 152, 153], [283, 287, 288, 289, 292, 293, 294, 295, 0, 296, 297, 298, 299, 300, 301, 302, 303, 304, 305, 0, 306, 307, 308, 309, 312, 313, 314, 315, 0, 316, 317, 318, 319, 320, 321, 322, 323, 324, 325, 0, 326, 327, 328, 329, 332, 333, 334, 335, 0, 336, 337, 338, 339, 340, 341, 342, 343, 344, 345, 0, 346, 347, 0, 0, 0, 0, 0, 0, 0, 0, 0, 348, 349, 350, 351, 352, 353, 354, 355, 0, 356, 357, 358, 359, 362, 363, 364, 365, 0, 0, 366, 367, 368, 369, 370, 371, 372, 373, 374, 0, 252, 253, 254, 255, 258, 259, 260, 261, 0, 262, 263, 264, 265, 266, 267, 268, 269, 270, 271, 0, 272, 273, 274, 275, 278, 279, 280, 281]]
int to_eta[24]
[8, 8, 8, 7, 7, 7, 6, 6, 6, 5, 5, 5, 4, 4, 4, 3, 3, 3, 2, 2, 2, 1, 1, 1]
